width: 737
height: 600

1.1.1
455 430
436 418
432 402
437 392
419 386
379 411
373 428

1.1.2
373 428
344 450
325 470
319 486
315 498
317 516
322 522

1.1.3
322 522
322 531
341 560
355 569
385 567
386 563

1.1.4
388 564
399 568
403 560

1.1.5
407 560
424 563
460 537
469 535
487 505

1.2.1
438 414
455 424
459 443
466 458
466 470
487 500

1.2.2
468 535
479 570
509 583
513 577

1.2.3
510 577
535 578
540 568
545 565
545 558
565 545
566 532

1.2.4
564 531
574 524
589 509
577 478
578 455
568 431

1.3.1
459 408
521 424
538 419
543 424
544 430
569 427
569 427
577 442
596 439
621 425
634 387
611 349
620 350
620 350
608 334
609 331
609 331
604 320
591 320
578 308

1.4.1
445 384
517 364
549 329
548 327
559 323
573 308
584 295
584 284
584 284
590 271
583 257
583 257
587 253
572 236
571 236
571 228
564 227
534 202
523 208
523 208
511 201
498 209
498 209
497 201
483 201
471 210
452 218
444 231

1.5.1
423 384
428 365
430 377
446 370
477 340
480 302
459 251
445 231
433 224
425 214
381 212
359 226
349 230
335 249
331 262
329 272
323 284
325 295
325 295
321 317
328 334
344 362
354 368
354 368
367 392
389 401
416 384

2.1.1
354 221
333 220
317 225
301 221
294 217
283 201
273 186
259 183
239 199
225 239
233 264
233 273
233 276
228 277
237 291
240 297
248 309
271 324
292 319
303 313
303 313
313 324
322 322

2.2.1
293 210
298 196
282 194
275 183
258 177
239 183
219 173
219 173
209 173
176 160
176 154
176 154
161 137
154 113
165 92
174 95
174 95
179 86
199 91
199 91
205 83
219 87
228 82
246 81
270 85
282 114
289 116

2.3.1
301 186
308 166
284 103
288 93
288 93
272 85
272 60
296 54
300 47
303 49
319 49
326 58
326 58
337 57
338 64
344 67
344 67
349 58
354 64
354 64
365 62
385 86
396 126

2.4.1
305 203
332 182
348 148
360 145
372 135
396 125
410 129
432 152
450 152
463 166
460 178
460 178
471 177
474 194
474 194
477 205
454 214

2.5.1
324 217
350 204
386 197
407 208
385 208

3.1.1
436 420
386 438
363 444

3.1.2
438 417
442 433
419 464
398 475
350 503

3.1.3
438 418
446 435
446 455
437 488
419 522

3.2.1
455 413
483 440
493 465
492 524

3.2.2
451 415
510 448
546 498

3.2.3
453 414
491 429
531 457

4.3.1
517 396
549 413
577 438
589 434
573 414

4.3.2
535 389
597 403
615 423

4.3.3
519 376
564 358
598 359

4.4.1
480 351
503 332
531 324

4.4.2
484 327
517 295
559 260

4.4.3
485 318
506 281
528 229

4.4.4
483 289
473 278
491 222

4.5.1
435 371
450 340
458 296

4.5.2
435 372
422 302
411 267

4.5.3
409 301
369 259
354 232
367 223

4.5.4
428 381
393 339
354 310
326 278

5.1.1
322 224
334 230
338 239

5.1.2
302 219
315 257
321 289

5.1.3
302 223
296 255
272 300

5.1.4
295 215
270 241
248 266

5.1.5
283 222
254 228
237 251

5.2.1
266 165
224 165
201 161

5.2.2
293 175
262 140
200 128

5.2.3
295 181
278 140
248 114
197 94

5.2.4
238 83
257 86
279 131

5.3.1
307 194
315 143
309 122
294 99

5.3.2
314 185
332 140
334 93

5.3.3
317 190
351 130
358 90

5.4.1
339 204
381 170
400 145

5.4.2
393 197
365 196
410 185
442 170
459 159

5.4.3
396 201
436 202
467 208

6.1.1
437 400
437 391
496 381
539 379
614 363
664 377
660 385
603 368

6.1.2
625 367
636 338
647 348
626 363

6.1.3
649 368
668 354
681 359
651 372

6.1.4
656 374
678 382
675 396
653 374

6.1.5
660 379
677 361
686 372
663 378

6.1.6
671 384
698 378
698 395
695 401
674 387

6.1.7
656 387
686 398
686 411
661 385

6.1.8
649 385
660 407
642 408
647 382

6.1.9
618 375
638 400
630 407
617 377

6.1.10
609 377
619 400
609 404
604 374

6.1.11
601 367
599 341
612 346
602 368

7.1.1
302 214
305 207
378 169
414 149
448 102
461 108
424 142

7.1.2
411 156
402 140
409 130
409 150

7.1.3
420 142
411 121
420 111
420 145

7.1.4
434 129
423 104
427 101
436 130

7.1.5
438 123
433 99
441 89
438 123

7.1.6
449 111
441 91
453 85
449 115

7.1.7
450 107
468 81
470 93
444 113

7.1.8
451 115
455 92
466 97
448 114

7.1.9
445 120
477 105
475 118
446 122

7.1.10
441 132
471 127
469 140
440 132

7.1.11
433 138
463 143
460 150
430 143

7.1.12
430 146
444 158
438 166
428 147

7.1.13
415 154
436 170
428 177
413 158

8.1.1
328 399
336 355
298 343
264 345
255 334
252 384
288 395
325 391

8.2.1
295 341
313 345
322 327

8.2.2
279 338
254 328
247 307

8.3.1
306 422
294 430
253 456
251 502
294 476
305 463
305 426

8.4.1
250 399
197 391
164 416
157 477
185 485
229 470
259 401

8.5.1
177 401
193 393
192 379
118 386
95 443
90 461
95 484
149 478
149 452

8.6.1
217 355
209 326
196 311
127 298
53 307
73 335
112 371
138 374
184 373
209 354

8.7.1
215 351
229 351
248 359
248 366

8.8.1
93 359
104 368
73 402
4 385
5 310
37 297
62 305

8.9.1
136 239
150 275
184 292
188 292
195 309
189 290
193 278
212 240
196 184
188 188
188 188
178 166
170 166
152 120
134 160
140 182

8.10.1
151 292
133 242
129 244
99 250
77 239
78 208
87 169
86 125
103 125
133 164
139 225
134 242

8.11.1
126 145
105 118
135 88
175 72
198 82

8.12.1
71 209
47 182
56 158
73 178
79 199

8.13.1
57 161
55 149
60 106
66 34
66 11
33 141
52 152

8.14.1
38 122
31 95
32 87
48 77
56 28
6 19
3 82
16 90
19 95
29 98