width 480
height 300

1
217 200
207 191
214 152
260 124
268 118
268 112
265 104
294 137
290 177
249 232
228 232
217 225

2
276 115
271 94
256 80
293 102
310 138

3
312 148
312 168
303 200
281 205
267 213

4
258 123
250 90
261 55

5
273 40
311 18
305 26
299 53
311 84
318 111
321 132
313 146

6
196 54
188 46
207 29
226 20
232 13
234 7
249 23
263 33
269 43
257 57

7
192 176
156 155
146 113
158 55
158 38
153 22
191 51
202 68
199 102

8
198 105
193 124
187 140
192 152

9
123 153
120 171
109 152
106 119
107 87

10
107 87
96 63
97 43
102 61
118 78
145 112
147 132

11
180 182
164 182
154 170
153 151
149 127

12
98 44
99 54
117 59

13
117 59
130 68
141 102

14
220 208
218 225
184 240
159 224
144 185
148 166
164 184
194 189
204 190
220 208

15
169 237
137 212
121 180
122 158
126 152

16
126 152
148 169
143 185

17
313 175
313 146
346 125
396 115

18
388 114
399 117
399 124
376 153
357 193
338 219

19
338 219
317 235
284 239
261 223

20
264 219
282 227
305 217
326 188

21
326 188
355 153
397 126

22
315 101
311 87
323 85
331 81
347 109
354 122
345 124

23
95 266
64 275
14 267
-25 247
-37 234
2 244
40 241
77 232
92 229
146 234
158 230
135 247
95 266

24
143 217
137 212
119 220
119 220
79 207
61 201
42 201
21 212

25
21 212
2 229
-26 235
-37 234

26
126 188
137 209
111 205
82 185
68 165

27
68 165
35 127
28 92
25 81
13 72
34 82
42 107
58 130
81 160

28
81 160
113 185
124 187
134 207

29
107 94
95 82
78 81
54 82
54 82
32 74
13 72
31 80

30
354 122
349 110
385 92
432 88
438 87
454 81
450 90
436 124
417 148
387 182
387 182
366 204
347 208
362 177

31
364 176
397 150
418 128
428 110
439 94
453 83
436 124

32
325 231
341 215
369 215
395 209

32
395 209
424 207
451 211
476 222
494 224
507 222
453 258
394 278
362 276
350 272
341 257

33
336 254
285 240
317 244
356 229
367 234
416 236
446 240

34
446 240
459 239
507 222
394 278

35
260 224
267 238
294 250
316 251

36
345 265
348 288
342 301
345 305
291 303
260 292
226 268
213 246
215 229

37
231 272
216 248
257 259
268 262
285 275
285 275
313 295
345 305
291 303

0
207 186
195 183
205 178

0
201 176
193 169
204 170

0
206 169
204 159
209 164

0
207 156
211 142
212 150
214 151

0
217 140
222 124
221 134
225 136

0
234 131
238 119
241 130

0
193 184
181 180
193 178

0
193 174
184 158
190 162
196 165

0
197 159
197 145
199 153
203 157

0
202 150
204 132
205 143
207 146