width 4928
height 3264

1
2914 1386
2864 1287
2741 1334
2772 1381
2928 1524

2
2772 1381
2914 1386
2992 1383
3033 1364
2985 1276
2887 1239
2669 1167
2611 1550
2721 1705
2931 1757
3175 1706
3375 1567
3672 1196
3689 1097

3
2772 1381
2914 1386
2992 1383
3033 1364
3130 1309
3143 1131
2916 907
2644 842
2349 902
2131 1239
2172 1404
2577 1682
2950 1795
3243 1708
3448 1575
3672 1196

4
2772 1381
2928 1524
3091 1432
3210 1246
3076 935
2794 774
2660 754
2455 792
2349 902

5
2928 1524
3091 1432
3385 1163
3346 875
3150 721
2713 719
2455 792
2349 902

6
2928 1524
3091 1432
3385 1163
3492 938
3461 802
3249 663
2959 578
2751 595
2429 767
2155 893
2098 1104
2131 1239

7
2928 1524
3208 1616
3508 1361
3689 1097
3685 894
3588 683
3312 564
2804 535
2348 608
2135 887
2098 1104
2131 1239

8
3672 1196
3681 1371
3614 1548
3719 1392
3752 1167
3743 800
3546 598
3105 400
2704 400
2505 448
2348 608

9
3719 1392
3779 1234
3867 1154
3894 953
3582 481
3306 261
2988 234
2505 448
2348 608

10
3306 261
2988 234
2274 298
1983 681
1879 1021
1926 1386
2085 1617
2385 1757
2678 1794
2950 1795

11
3306 261
2758 0
1756 0
1607 467
1657 959
1793 1329
1967 1567
2260 1760
2456 1812
2950 1795

12
1595 936
1711 1403
2032 2009
2546 2043
3220 1839
3402 1699
3448 1575
3672 1196

13
1595 936
1614 2085
1762 2339
2454 2399
3180 2011
3471 1768
3624 1549
3683 1362
3672 1196

14
2701 2350
3280 2110
3440 1995
3739 1678
3857 1250
3967 1140

15
3967 1140
3938 1592
3412 2054
2701 2350

16
3428 251
3205 0

17
3428 251
3391 0
3205 0

18
4037 777
3783 0

19
4037 777
3967 0
3783 0

20
2675 2446
2995 2408
3775 2040
4020 1426
4245 1013
4279 521

21
4279 521
4282 998
4058 1453
3977 1988
3860 2269
3115 2406
2675 2446

22
1604 2212
1766 2582
2081 2734
2592 2677
2990 2702
3417 2537

23
3417 2537
3040 2735
1764 2817
1604 2212
1766 2582

24
1353 286
1174 610
1014 1336
724 1845
738 2205
941 2380
1212 2472
1420 2636
1732 2801

25
1732 2801
1217 2653
787 2483
503 2295
441 1903
869 986
1353 286

26
2603 3264
3341 2764
3901 2563

27
3901 2563
3356 3264
2603 3264

28
4144 0
4291 551
4416 859
4397 1101
4416 1496
4201 2138

29
4201 2138
4694 1173
4673 926
4356 515
4144 0

30
4584 0
4423 333
4658 614

31
4658 614
4573 210
4584 0

32
4245 3264
4665 2751
4686 2022
4842 1670
4928 1559

33
4928 1559
4928 3264
4245 3264

34
722 2513
398 2537
334 2756
368 2925

35
368 2925
541 2969
722 2513
398 2537
334 2756

36
1061 0
713 271
395 924
0 1474

37
0 1474
0 520
510 0
1061 0


