width 4928
height 3264

1
2914 1386
2864 1287
2741 1334
2772 1381
2928 1524

2
2772 1381
2914 1386
2992 1383
3033 1364
3130 1309
3143 1131
2916 907
2644 842
2349 902
2131 1239
2172 1404
2577 1682
2950 1795
3243 1708
3448 1575
3672 1196

3
2928 1524
3091 1432
3385 1163
3346 875
3150 721
2713 719
2455 792
2349 902

4
2928 1524
3208 1616
3508 1361
3689 1097
3685 894
3588 683
3312 564
2804 535
2348 608
2135 887
2098 1104
2131 1239

5
3719 1392
3779 1234
3867 1154
3894 953
3582 481
3306 261
2988 234
2505 448
2348 608

6
3306 261
2758 0
1756 0
1607 467
1657 959
1793 1329
1967 1567
2260 1760
2456 1812
2950 1795

7
1595 936
1614 2085
1762 2339
2454 2399
3180 2011
3471 1768
3624 1549
3683 1362
3672 1196

8
3967 1140
3938 1592
3412 2054
2701 2350

9
3428 251
3391 0
3205 0

10
4037 777
3967 0
3783 0

11
4279 521
4282 998
4058 1453
3977 1988
3860 2269
3115 2406
2675 2446

12
3417 2537
3040 2735
1764 2817
1604 2212
1766 2582

13
1732 2801
1217 2653
787 2483
503 2295
441 1903
869 986
1353 286

14
3901 2563
3356 3264
2603 3264

15
4201 2138
4694 1173
4673 926
4356 515
4144 0

16
4658 614
4573 210
4584 0

17
4928 1559
4928 3264
4245 3264

18
368 2925
541 2969
722 2513
398 2537
334 2756

19
0 1474
0 520
510 0
1061 0


