width 900
height 524

0
194 524
178 522
153 372
163 362

1.1.1
163 365
123 373
88 360
67 315
58 273
63 218

1.1.2
63 203
65 179
78 179
101 202
107 213
139 249
158 284
161 322
165 362
163 365

1.1.3
89 361
47 327
30 294
32 204
54 170
65 181
65 182

1.2.1
166 361
183 346
177 233
168 205

1.2.2
162 173
150 143
142 137
108 187
104 205

1.2.3
185 315
177 353
214 341

1.2.4
250 227
217 167
177 134
161 133
156 148

1.3.1
208 355
239 280
256 190
273 149
285 146
302 167
309 187

1.3.2
307 232
273 311
242 339
202 361
182 356

1.3.3
307 236
317 192
313 168
285 132
285 145
298 159

1.4.1
262 163
236 106
222 91
206 83
191 82
156 102
142 126
142 134

1.4.2
253 213
219 164
217 134
219 94

1.5.1
54 167
73 130
93 101
108 102
132 124
137 140

1.5.2
106 186
112 156
93 142
99 134
101 109

1.6.1
86 102
106 71
131 48
131 58
117 83
110 101

1.6.2
170 89
143 46
134 48
129 81
129 106
135 126

2.0
361 524
344 523
407 316
423 313

2.1
416 314
369 304
342 265
354 219
372 155
387 126

2.2
342 265
329 208
366 114
393 91
411 89
368 141

2.3
417 312
416 289
405 220
411 175
428 131
423 105
406 98

2.4
410 188
443 143
477 124
513 110
525 112
531 124
523 145

2.5
534 149
532 124
538 127
545 161
545 161
557 143
548 136
555 134
571 162
574 205
562 222

2.6
436 210
407 235
414 289
420 309
435 309
467 257
500 194
524 143

2.7
524 183
506 223
475 285
442 312
487 315
534 274
560 242
552 180

2.3.1
473 327
507 297
538 271
569 214
594 193
615 164
617 148
633 156
640 181
634 217

2.3.2
634 217
568 301
522 326
492 330
473 326
446 315
472 326
472 326
528 299
576 263
621 209

2.4.1
471 123
506 72
502 51
482 43
462 57

2.4.2
480 45
450 62
411 93
428 113
458 72
467 57

2.4.3
408 88
446 58
469 47

2.5.1
475 121
514 94
543 83
555 82

2.5.2
570 151
566 95
557 83
547 115
542 136

2.5.3
412 85
452 58
482 23
490 22
474 43
452 50

2.5.4
486 40
495 29
502 32
518 67
518 91

3.0
697 523
681 523
686 513
702 512

3.1.1
702 511
671 504
654 489
652 433
671 387
700 333
728 300

3.1.2
723 306
736 293
748 301
755 346
734 384
717 426
708 466
713 494
699 508
670 501

3.1.3
649 482
635 456
632 413
649 351
690 304
732 287
736 292
705 324

3.2.1
752 317
784 298
809 299
796 324

3.2.2
796 347
762 433
730 494
717 509
704 506
714 445
745 390

3.2.3
802 344
810 313
812 343
817 351

3.2.4
817 351
830 347
844 358
847 369
836 375

3.2.5
768 479
745 510
723 512
752 464
776 421

3.3.1
708 515
736 518
748 518
774 471
797 448
814 395
849 371
861 336
867 360
867 376

3.3.2
875 352
876 344
884 360
883 406
839 481
782 523
746 523
717 517

3.4.1
754 314
765 295
769 263
762 265
738 277
713 288
733 286

3.4.2
768 265
768 263
791 292
784 296

3.5.1
757 265
783 252
810 251
807 262
803 276

3.5.2
811 252
823 264
833 293

4.0
717 291
696 298
700 276
711 276

4.1.1
684 268
633 222
627 94
648 57
654 63
656 112
658 117
665 131

4.2.1
697 273
651 197
689 91
723 35
722 56

4.2.2
722 56
738 58
749 74
765 93
775 106
765 128

4.3.1
707 273
731 182
780 100
769 87
802 106
805 178
776 252
716 275

4.3.2
778 248
801 246
823 210
818 121
806 110
806 110
804 176

4.4.1
801 94
789 63
784 66
762 89

1.7.1
152 365
141 306
71 233
63 275
78 235
94 347
145 357
139 331

1.7.2
54 254
42 222
38 263
46 302
67 322

1.7.3
196 336
238 257
185 188
190 239
196 336

1.7.4
139 242
157 276
157 213
152 185

1.7.5
212 352
238 288
287 223
291 252
277 287
237 316

2.6.1
410 311
355 262
375 183
398 255
366 270

2.6.2
426 303
409 243
499 159
460 270
428 300
410 242

2.6.3
456 309
527 280
554 232
551 181
515 217
474 300
533 264
536 203

2.6.4
567 281
490 322
525 321
566 284

3.6.1
694 505
650 467
690 367
711 411
705 463
697 498
657 464

3.6.2
664 395
646 453
640 401
683 329
667 385

3.6.3
731 485
711 494
712 451
773 375
759 427
728 483
715 451

3.6.4
734 498
773 433
805 380
809 413
798 440
748 482
773 442

3.6.5
834 424
809 476
773 512
744 517
780 480
831 428
808 477

4.5.1
762 132
726 75
705 181
698 253
713 264
731 183
741 155
756 183
734 96
713 199
714 226

5.1
90 524
0 403
0 524
90 524

5.2
210 524
187 405
201 363
260 330
280 429
277 524
210 524
187 405
260 330
277 524

5.3
277 524
281 419
356 287
392 310
324 441
303 524
277 524
356 287

5.4
485 524
472 335
526 524
485 524

5.5
538 524
601 362
600 524
538 524

5.6
612 524
610 474
631 451
653 494
646 524
612 524
631 451

5.7
820 524
900 471
900 524
820 524
